-4.993160295430639550e+00 -8.540926905544648662e+01
-5.218623995535658366e+00 -8.531265588581196369e+01
-5.788966714876764286e+00 -8.607322783870975513e+01
-5.665483428935594645e+00 -8.607712703264594722e+01
-5.085487619791721592e+00 -8.499114289832715485e+01
-4.944412384682569161e+00 -8.525195685385619981e+01
-5.188351188458113938e+00 -8.475761634340049966e+01
-4.966740546765606723e+00 -8.523727248964220848e+01
-5.155597231294327898e+00 -8.495713565218824215e+01
-5.129613655569442265e+00 -8.496118369228919676e+01
-5.133940723544040630e+00 -8.494560511951178228e+01
-5.253541667813383498e+00 -8.457040385465204224e+01
-4.968635283148705284e+00 -8.509174380154323103e+01
-4.968635580962486031e+00 -8.509174393293440630e+01
-5.044088145969284120e+00 -8.494129381729291595e+01
-5.086730264661548873e+00 -8.479972085486114963e+01
-4.973156533666896806e+00 -8.501985946208934308e+01
-4.942112099816619697e+00 -8.496497384850724188e+01
-4.965977913920714748e+00 -8.489174280094367475e+01
-4.974769083864877040e+00 -8.484219342939617547e+01
-4.974766556336223999e+00 -8.484219231939127326e+01
-4.973509098421709851e+00 -8.474325809114371566e+01
-4.973510249057468080e+00 -8.474325822341249648e+01
-5.004506699673562764e+00 -8.461252974595703336e+01
-5.006089316924009935e+00 -8.453995672968844133e+01
-4.978835939346796025e+00 -8.458368750895203902e+01
-4.975693070119239003e+00 -8.453393383756244361e+01
-5.022857424806586479e+00 -8.446615515320898737e+01
-4.960163563749144799e+00 -8.446768980887915745e+01
-4.996640873557989693e+00 -8.440345243036240674e+01
-4.960645081049074534e+00 -8.446642501876586095e+01
-4.952326349163823416e+00 -8.438501826886397339e+01
-4.950749622849329512e+00 -8.439243471627247573e+01
-4.928057850273045659e+00 -8.437662630554930843e+01
-5.464477308714328352e+00 -8.326519276855464113e+01
-4.916283894428895351e+00 -8.425941082654382797e+01
-4.896111253079866721e+00 -8.421393455170243669e+01
-4.849518017926934377e+00 -8.414107566248662806e+01
-4.860164189552163450e+00 -8.420413906172174734e+01
-4.818606780974219461e+00 -8.402009719876944871e+01
-4.816742691525000453e+00 -8.402444057151778622e+01
-4.837253742906558962e+00 -8.400802787828543217e+01
-4.847399625871172013e+00 -8.401497744615643626e+01
-4.781505351875424026e+00 -8.392983569032377034e+01
-4.783381063119025889e+00 -8.393037623748082865e+01
-4.803518787318323824e+00 -8.388198220061728705e+01
-4.803861868183068040e+00 -8.388105730837312990e+01
-4.803864308168424913e+00 -8.388105808379017958e+01
-4.777133393809828377e+00 -8.381439743587658597e+01
-4.759435978140999168e+00 -8.380230444902699105e+01
-4.764584972666760621e+00 -8.376125972244466311e+01
-4.764585817410095459e+00 -8.376125789588292037e+01
-4.707206700850157688e+00 -8.372480475136842415e+01
-4.710872801805424892e+00 -8.373753522975573560e+01
-4.632782658010069277e+00 -8.362181927669195147e+01
-4.691284435614861081e+00 -8.365672260532268467e+01
-5.311799148412325700e+00 -8.270996688513888273e+01
-4.691233972417337306e+00 -8.352040990117227182e+01
-4.718279339276461926e+00 -8.356956867831571856e+01
-4.738055769473415779e+00 -8.357908326853414849e+01
-4.664774240212343770e+00 -8.350364336103928053e+01
-4.677265629742446862e+00 -8.350125308779014688e+01
-4.601355102976636857e+00 -8.333339095492249271e+01
-4.599495807946285986e+00 -8.335331366335145731e+01
-4.447509342633640728e+00 -8.332104643081419226e+01
-4.996260867312018128e+00 -8.227741443991557446e+01
-4.605607531930763443e+00 -8.334779794109844886e+01
-4.856004344621985602e+00 -8.229645381690953343e+01
-4.470044151696846768e+00 -8.323648620359315942e+01
-4.486064835482782343e+00 -8.324542482441307811e+01
-4.436605231158414320e+00 -8.315929095150983130e+01
-4.829629234405903304e+00 -8.220249866905173519e+01
-4.384273894857891207e+00 -8.303290631756010498e+01
-4.451818470645966030e+00 -8.306346569095364885e+01
-4.433341841414044637e+00 -8.306339518974772318e+01
-4.320834061983058305e+00 -8.291901926426307057e+01
-4.484393652314068390e+00 -8.287484558450444183e+01
-4.758175173819655157e+00 -8.195391144501390102e+01
-4.419775975344824026e+00 -8.277164180318462172e+01
-3.666650919720823243e+00 -8.251223442285903786e+01
-4.137874972799211903e+00 -8.269013204126370908e+01
-4.137875221291455574e+00 -8.269013391050687289e+01
-4.433703923361708377e+00 -8.162331820630309664e+01
-4.091503971712165288e+00 -8.262268396000753512e+01
-4.082466027431729927e+00 -8.253353720584263442e+01
-4.087665760448941477e+00 -8.253491775333901614e+01
-4.025608915662973963e+00 -8.246131461721999756e+01
-4.337956237079426458e+00 -8.146222408314068275e+01
-4.025163663450264551e+00 -8.235989195303223198e+01
-3.974266586184311834e+00 -8.226799125027328330e+01
-3.973282383659868522e+00 -8.226764650141781487e+01
-3.997362981089504164e+00 -8.217431821897007183e+01
-3.997978952094626948e+00 -8.217423561099344909e+01
-3.890628164427164304e+00 -8.210663254255209154e+01
-3.887943466921875313e+00 -8.210826073004055559e+01
-3.848091115126935691e+00 -8.196697956166235599e+01
-3.899999581472580967e+00 -8.197107288675033487e+01
-3.828234773562221527e+00 -8.196363771447130375e+01
-3.764272968391641605e+00 -8.194261926871888591e+01
-3.761117826128792974e+00 -8.190397785392366359e+01
-4.369944483287647508e+00 -8.220802898119167423e+01
-3.742114698841169318e+00 -8.178698924495448352e+01
-3.743682099839744204e+00 -8.178781030750319303e+01
-4.131482249386992933e+00 -8.075306841472553288e+01
-3.606508794863888312e+00 -8.175863188205327958e+01
-3.601924264075475612e+00 -8.168346410920838707e+01
-3.492084824837523804e+00 -8.171347607829950732e+01
-3.478433787875191197e+00 -8.162935690436790992e+01
-3.488496512385927062e+00 -8.153726018715723001e+01
-3.461286117205887081e+00 -8.153254412137211204e+01
-3.390116949807525870e+00 -8.163000974869207482e+01
-3.395324058500487574e+00 -8.162112592553505408e+01
-3.343798592183097718e+00 -8.156346535625331740e+01
-3.344376303316514587e+00 -8.156068709620788582e+01
-3.303050024992803202e+00 -8.150589953020437406e+01
-3.301137286400636306e+00 -8.150912610602630082e+01
-3.173583578551071760e+00 -8.142435914416469700e+01
-3.247607142416737425e+00 -8.144875038924378430e+01
-3.182128270911022572e+00 -8.138827659238636159e+01
-3.182308297257919083e+00 -8.138866235683467210e+01
-3.303059822569463400e+00 -8.144847953744726965e+01
-3.250556387811818659e+00 -8.140446351094279009e+01
-3.250841618971454849e+00 -8.140386874483971269e+01
-3.152976067512082370e+00 -8.135927480061475592e+01
-2.920069499392149659e+00 -8.123071899543178631e+01
-2.887270983832209481e+00 -8.120736996472628277e+01
-2.891262859295427479e+00 -8.120050650040236917e+01
-2.814304535163831389e+00 -8.111946063265328632e+01
-2.814304277178888647e+00 -8.111946114105626293e+01
-2.778067296217653137e+00 -8.108132553648070484e+01
-2.217443634973652156e+00 -8.086690877195272265e+01
-2.712575210061296982e+00 -8.101642277609235521e+01
-3.402790903444559145e+00 -8.142954696511569068e+01
-3.401286733526933226e+00 -8.139024968356055467e+01
-2.655394347734592486e+00 -8.091732134556659162e+01
-3.365463629718146166e+00 -8.137647709805406748e+01
-2.531625044964205706e+00 -8.081368822037562438e+01
-2.537236661146979433e+00 -8.080935508442874493e+01
-2.429631973695025593e+00 -8.074539920967009721e+01
-2.424426264558221078e+00 -8.074507443399269846e+01
-2.320980557866981986e+00 -8.073926382020771086e+01
-2.312778897921861532e+00 -8.074280559833519533e+01
-2.270380141369210847e+00 -8.071302664034803342e+01
-2.296960112439608181e+00 -8.069660900722969643e+01
-2.277870778917121086e+00 -8.058716981834351145e+01
-2.246695141356180869e+00 -8.058337462290556630e+01
-2.222854351820740426e+00 -8.057151480971832314e+01
-2.169956467376130682e+00 -8.052285016342437984e+01
-2.148468922786637592e+00 -8.053483446333659401e+01
-2.092481523680749689e+00 -8.048593970023259203e+01
-2.092480435319092003e+00 -8.048593907588693241e+01
-2.043334164306801259e+00 -8.042344859910627974e+01
-2.047618898487143735e+00 -8.042519809440645417e+01
-1.985402490614972537e+00 -8.035673863141282425e+01
-1.978200423438231770e+00 -8.036237250056086623e+01
-1.869622008917650735e+00 -8.034112035546020536e+01
-1.871853842920505606e+00 -8.034357687969728090e+01
-1.817436211726570550e+00 -8.027328915568809009e+01
-1.814266931534620486e+00 -8.027385083206210936e+01
-1.755206749548603673e+00 -8.028474641932713496e+01
-1.750394370243655739e+00 -8.028339942101733584e+01
-1.667830401481033009e+00 -8.026121358426256336e+01
-1.666402436067344395e+00 -8.026039611389597894e+01
-1.667832286466139458e+00 -8.026121534037919503e+01
-1.611218232544201046e+00 -8.023431973887093704e+01
-1.611215075384555773e+00 -8.023431725714209506e+01
-1.541295450349027263e+00 -8.021194399096738437e+01
-1.541293597303518892e+00 -8.021194333516562835e+01
-1.478512210833483609e+00 -8.018381191679614517e+01
-1.477468425392840068e+00 -8.018476049297092345e+01
-1.431393891740986746e+00 -8.015437249556578081e+01
-1.431866772791962283e+00 -8.015299110902138580e+01
-1.392283113656011428e+00 -8.013842663732326344e+01
-1.701340489197473271e+00 -7.977824696239378000e+01
-1.389500926450257356e+00 -8.006037739957746169e+01
-1.389500406756475126e+00 -8.006037822065023590e+01
-1.264544045040870257e+00 -8.016967412945355420e+01
-1.281810450801745604e+00 -8.012643131459644508e+01
-1.251176009609936690e+00 -8.003200218061715532e+01
-1.252582709416874884e+00 -8.003001429299995095e+01
-1.201890638262280486e+00 -8.005734742915402080e+01
-1.204432695429231925e+00 -8.002453575481398218e+01
-1.132380180587821084e+00 -7.999394885735905802e+01
-1.356206402123927734e+00 -7.971470960577914866e+01
-1.094888916632151821e+00 -7.997436780767391440e+01
-1.082144363387771646e+00 -8.001064149886147447e+01
-1.056884123277961107e+00 -7.996407769268424204e+01
-9.944398085369718920e-01 -7.998091397096766286e+01
-1.119361176685627068e+00 -7.980074168365807452e+01
-1.069077277906421486e+00 -7.983638539702293713e+01
-1.069724765356993901e+00 -7.982270288767134048e+01
-9.328896134108882743e-01 -7.992611739215648470e+01
-1.018105836542610332e+00 -7.980911251620437952e+01
-1.016330901649972862e+00 -7.971510291816350957e+01
-8.603615738445584693e-01 -7.987162127555991731e+01
-8.607813955112998405e-01 -7.987213918644256694e+01
-8.038666635873580324e-01 -7.984283200544227554e+01
-7.928604814037597537e-01 -7.985681457152296048e+01
-8.023129404378596119e-01 -7.982693720963305850e+01
-8.023126093710970519e-01 -7.982693812018746371e+01
-7.499558709190833339e-01 -7.981765338396436960e+01
-7.550538778022259923e-01 -7.980977783131454828e+01
-7.044563307272975194e-01 -7.981677848600789105e+01
-7.044576503254097455e-01 -7.981677918829413443e+01
-6.768856818993312929e-01 -7.977009372871593484e+01
-6.307923768307294177e-01 -7.977294485623028208e+01
-6.307926070641259875e-01 -7.977294592789441197e+01
-6.127946046553373050e-01 -7.974462806103234414e+01
-6.126676186114931033e-01 -7.974437869006663959e+01
-5.858112842758171901e-01 -7.973397268476055899e+01
-5.849951550990467597e-01 -7.973223900613326975e+01
-5.403572948041706070e-01 -7.971555424133242695e+01
-4.982874136142521060e-01 -7.970471078704923684e+01
-4.986355590105044922e-01 -7.970253848511005401e+01
-4.675853444274675752e-01 -7.966935491621050858e+01
-4.681464601946168647e-01 -7.967096308228187240e+01
-4.107124268766958464e-01 -7.966005853657966895e+01
-4.107339111949485644e-01 -7.965983392546209529e+01
-3.498122736529430399e-01 -7.963334517072092922e+01
1.005636017357981027e+00 -7.911615618488040980e+01
-3.158915171545744749e-01 -7.961059859936023031e+01
-3.158060882080136467e-01 -7.960879069453871182e+01
-2.721396525158804591e-01 -7.958981877321254217e+01
-2.161556468878704229e-01 -7.954670939928770679e+01
-2.161537543398909522e-01 -7.954670873080567617e+01
-1.605021612503067796e-01 -7.954827083853109571e+01
-1.608834904035584268e-01 -7.954849150393387447e+01
-1.033352375084203162e-01 -7.952458446036595774e+01
-7.563757879691919428e-02 -7.950315338193817638e+01
-7.523811107187945713e-02 -7.950375572981761252e+01
-3.382808059320431548e-02 -7.949104310191685840e+01
-2.240476197300380473e-02 -7.948367190244387359e+01
1.357390213247209286e-02 -7.941493116772147687e+01
1.107264854780112828e-02 -7.943571698883157239e+01
1.621098754425743388e-02 -7.943851153783131736e+01
1.849367425089399469e-02 -7.944280726060104314e+01
7.059222706384576940e-02 -7.944206096327908995e+01
1.421846674243613662e-01 -7.939965309452743725e+01
1.221647693762416997e+00 -7.879390221998271215e+01
1.353273013466312347e-01 -7.944440945496641859e+01
1.353264366804900198e-01 -7.944440930337312068e+01
1.787300579234740727e-01 -7.941637089548858341e+01
1.984270326862396794e-01 -7.941654334671832771e+01
5.059696987876128871e-01 -7.923846935014123005e+01
5.149919468430347314e-01 -7.924239203220795957e+01
3.467438359456926911e-01 -7.935068060178780058e+01
5.476976758693550273e-01 -7.924225986858104420e+01
4.845941779871134059e-01 -7.927173299427653319e+01
6.103889753510975957e-01 -7.923545277792440800e+01
4.799298690446414661e-01 -7.913139320557952772e+01
6.851616602714050153e-01 -7.917285316927517158e+01
6.851604328812712641e-01 -7.917285505521520861e+01
4.456629123728934605e-01 -7.936268057884011284e+01
7.624003607307777708e-01 -7.917923021739646572e+01
5.777227759367525861e-01 -7.912946749709998073e+01
5.471127413712688625e-01 -7.933559572272149296e+01
6.144442285241533686e-01 -7.928486647923041630e+01
5.930349526492098011e-01 -7.932622559650661742e+01
8.504035703701513516e-01 -7.915266279868107802e+01
8.913988102973803285e-01 -7.915546777883824348e+01
1.790295168777303880e+00 -7.847337597696898115e+01
6.907985193619524678e-01 -7.928758160062598392e+01
8.352168662596050064e-01 -7.917827308201930236e+01
7.372522351601038526e-01 -7.927229328669031361e+01
7.374543819311477622e-01 -7.927253941974976215e+01
9.483261417757974376e-01 -7.911549756239423914e+01
1.878543180137041357e+00 -7.843469582344913249e+01
1.124988018448545457e+00 -7.908542306669738764e+01
8.766743455072241176e-01 -7.887451251814852071e+01
8.766728950670890086e-01 -7.887451256813791645e+01
9.316465876576118799e-01 -7.920891179642700308e+01
9.316463427839056788e-01 -7.920891189930523524e+01
1.075124519017753411e+00 -7.914969223746436455e+01
9.670542633530125887e-01 -7.884702533375579492e+01
1.019853497067203296e+00 -7.916950816562346915e+01
1.028363996173334627e+00 -7.917104661626339634e+01
1.062903380803571274e+00 -7.912756646670835892e+01
9.907094291570762712e-01 -7.883755662230126404e+01
1.113820405289775772e+00 -7.910519180945055950e+01
1.128526825123812305e+00 -7.910377180014378951e+01
1.149621438793340111e+00 -7.907638216375508478e+01
1.149622393134977161e+00 -7.907638150849426495e+01
1.204963144408030429e+00 -7.907376493135105022e+01
1.197905095032910872e+00 -7.907547731478956621e+01
2.351002004616118857e+00 -7.846696496547623667e+01
1.298693019670016824e+00 -7.904875636668201366e+01
1.297676758546149944e+00 -7.904648182974106874e+01
1.333380650488924513e+00 -7.902258263131211891e+01
2.435264261902947425e+00 -7.843651394674139965e+01
1.399029517009209744e+00 -7.903129666550857735e+01
1.427056737882618442e+00 -7.901984656205677027e+01
1.455417471118264583e+00 -7.900341617513163328e+01
1.455416343942939950e+00 -7.900341752654304628e+01
1.486603422568674837e+00 -7.897797374775592516e+01
1.570534693190874576e+00 -7.884585415654643725e+01
1.599205454832233642e+00 -7.896000501516482473e+01
1.651609608638847648e+00 -7.896290509212515474e+01
1.648636815468435879e+00 -7.893902820438123058e+01
1.721364004812886872e+00 -7.876514200813738853e+01
1.758035947470863558e+00 -7.892498887869899704e+01
1.756859290363123050e+00 -7.892095246597720859e+01
1.805958037309210118e+00 -7.889304497746472578e+01
1.854396395554914312e+00 -7.889543839841819306e+01
1.856768153857699000e+00 -7.889273276132809087e+01
1.924680650057281284e+00 -7.888883039295760113e+01
1.907625009520656389e+00 -7.887537670937892642e+01
1.800597413858047169e+00 -7.849603930387441153e+01
1.960563386935360919e+00 -7.884939293863955356e+01
2.019954175811351949e+00 -7.883719094369395464e+01
2.014074910471978175e+00 -7.882635940987118772e+01
2.062301616404762505e+00 -7.881040725235052946e+01
2.062301804580327858e+00 -7.881040666845238718e+01
2.114013134194719257e+00 -7.878075615579811597e+01
2.114684896104147782e+00 -7.878399164987192194e+01
2.172372984459951084e+00 -7.874786841464681686e+01
2.015492081842460870e+00 -7.829741160947206424e+01
2.015023816932715039e+00 -7.829838564649291754e+01
2.067234124607944423e+00 -7.827471775924108499e+01
2.060278973238336420e+00 -7.826578462582472184e+01
2.256625428219336538e+00 -7.864760037823680250e+01
2.299811038534509411e+00 -7.864269181940929343e+01
2.286050976628463793e+00 -7.861339739383032565e+01
2.335628704240659825e+00 -7.855887462531249810e+01
2.338169662909491020e+00 -7.856956815771896174e+01
2.384170080509782075e+00 -7.853105154851540703e+01
2.384112966491847452e+00 -7.852773094885753835e+01
2.444850188328749230e+00 -7.850868109651950988e+01
2.444850145900999916e+00 -7.850868119982393978e+01
2.502712366669345823e+00 -7.848134497186387648e+01
2.559377206097531499e+00 -7.846078503101465174e+01
2.559377984984210208e+00 -7.846078319231193632e+01
2.609236519389854791e+00 -7.844069451719092001e+01
2.609127960580240657e+00 -7.844075842651658093e+01
2.656865454466353249e+00 -7.841512940395566034e+01
2.656771368984121029e+00 -7.841529986193907575e+01
2.701353951934526876e+00 -7.840285800299426455e+01
2.700991980551088467e+00 -7.840318338841565549e+01
2.754761997477501723e+00 -7.838074831075583404e+01
2.800833348482915763e+00 -7.835865406037422076e+01
2.849197036752119327e+00 -7.834403354956907606e+01
2.849197705722654295e+00 -7.834403345616908609e+01
2.898384873472271028e+00 -7.832230000457369101e+01
2.972094503696159684e+00 -7.830305773774213662e+01
2.975238223318472652e+00 -7.830028321840595140e+01
3.054475779922500855e+00 -7.819940323960209128e+01
2.437819668084005187e+00 -7.857347276534790126e+01
3.080886690745050949e+00 -7.829061542272512497e+01
2.311403492578720797e+00 -7.859793115814761677e+01
3.205621478105649569e+00 -7.804300801514858676e+01
3.279591650219678467e+00 -7.813191842915583152e+01
3.273718923920438062e+00 -7.809033852518238916e+01
3.338045738224896031e+00 -7.802962398855922288e+01
3.338672222680913126e+00 -7.801879183076766822e+01
3.412138967253999233e+00 -7.798810720907965788e+01
3.360499220178112978e+00 -7.763645119626742996e+01
3.475517959224122322e+00 -7.798820408063281207e+01
3.377549951365177439e+00 -7.822511444229481015e+01
3.530362894364254878e+00 -7.799558958378433715e+01
3.572493120210491035e+00 -7.796065095861807492e+01
3.573155656606001429e+00 -7.788678962278287088e+01
3.611682137224259126e+00 -7.798140083615065521e+01
3.647337730197099503e+00 -7.792485733963998484e+01
3.612667111185208668e+00 -7.811138391227162003e+01
3.621083099281785955e+00 -7.809075737766362124e+01
3.599098004840265208e+00 -7.752369319138206549e+01
3.669317943002888160e+00 -7.749634269102804751e+01
3.831126354408275425e+00 -7.780341507710282656e+01
3.812033033404049753e+00 -7.760100750348085796e+01
3.734395043072524345e+00 -7.802773294217028877e+01
3.901180043019724319e+00 -7.770577530020618440e+01
3.900606852834014315e+00 -7.770615917451057442e+01
3.949518398594494606e+00 -7.767476542920783800e+01
3.868654293132931965e+00 -7.796243536499045490e+01
3.924159040699516154e+00 -7.775238303219930458e+01
3.909811163157506098e+00 -7.776584668510524523e+01
4.017759741573152077e+00 -7.771123306435599432e+01
4.107071904385633410e+00 -7.767357392340448996e+01
4.144353587098246194e+00 -7.765021444511737059e+01
4.146372551025202746e+00 -7.764381055855180591e+01
4.207642173068300906e+00 -7.760945009818608753e+01
4.201135092154108186e+00 -7.761586892424975304e+01
4.280174307185501625e+00 -7.756621282569481934e+01
4.314233864859741807e+00 -7.755381094764902628e+01
4.362351497883646623e+00 -7.744664666122963581e+01
4.361610019511144465e+00 -7.744555055404329380e+01
4.446726057749192940e+00 -7.744788158963555702e+01
4.565171061015306009e+00 -7.740460103366694966e+01
4.565174037346630520e+00 -7.740460297214126228e+01
4.530090397876792352e+00 -7.754667167161164798e+01
4.530148603296067833e+00 -7.754584952422619892e+01
4.599353812543782283e+00 -7.748140590899549807e+01
4.737517705023350345e+00 -7.723866493840915837e+01
4.674451022854981375e+00 -7.745554145971563287e+01
4.738658563026659110e+00 -7.724051821528269102e+01
4.810622404952410669e+00 -7.717947228692887052e+01
4.854905458174739508e+00 -7.714598927255262595e+01
4.834766484079248805e+00 -7.733401196435967506e+01
4.958278920216945274e+00 -7.696487214417304301e+01
5.058612874535909576e+00 -7.704509344472958787e+01
5.085842765308031588e+00 -7.710996993387671239e+01
5.049442994739768764e+00 -7.718037333649711229e+01
5.101569121441825061e+00 -7.699090808848862366e+01
5.212196835074171197e+00 -7.699410214119633622e+01
5.276146138739245650e+00 -7.694018100986704667e+01
5.276153415338130870e+00 -7.693949880242506367e+01
5.344087123684210461e+00 -7.691537195725247500e+01
5.344084810463652246e+00 -7.691537360978560400e+01
5.290314402330110966e+00 -7.696553596646849371e+01
5.286557625928415938e+00 -7.696363905822211393e+01
5.425377298263145853e+00 -7.684768025556316218e+01
5.499398093625427641e+00 -7.669165521247111883e+01
5.337179551246109099e+00 -7.692804789361002804e+01
5.593721552752337622e+00 -7.676681318899471762e+01
5.594382098966178773e+00 -7.663905306866847411e+01
5.746056944924474941e+00 -7.655497449326747983e+01
5.865938976525671755e+00 -7.660672070755811092e+01
5.865937553846160668e+00 -7.660672004914827937e+01
5.892503917462797780e+00 -7.646223486785538626e+01
5.931356672306909772e+00 -7.656559789222318102e+01
6.038596632377035256e+00 -7.651062532546654893e+01
6.085871665470098613e+00 -7.648610417321854982e+01
6.119684965361905427e+00 -7.644033574434392619e+01
6.205656600037783299e+00 -7.640877367981104840e+01
6.200129068528807963e+00 -7.639756424549263158e+01
6.197769386631881261e+00 -7.640144620336262449e+01
6.282836664600134569e+00 -7.634408316260650906e+01
6.658390812351721699e+00 -7.628396667428295075e+01
6.407896906300349471e+00 -7.625071363613714936e+01
6.474893510202690550e+00 -7.622757602069617633e+01
6.428290848973396976e+00 -7.612822826014802047e+01
6.504905503020579793e+00 -7.608541300591562617e+01
6.564281538824433326e+00 -7.616847935628949529e+01
6.657137907262581145e+00 -7.610912294683987511e+01
6.656989902292095529e+00 -7.610956775037466571e+01
6.674779791586669120e+00 -7.607818637980952303e+01
6.836111512366042753e+00 -7.600206094132946077e+01
6.818229752106748975e+00 -7.600751365327114684e+01
7.066590442661205174e+00 -7.591814767423690569e+01
7.120890287856491696e+00 -7.584784305583296771e+01
7.047298103336620656e+00 -7.585605247276389207e+01
7.120889191001938734e+00 -7.584784053128689152e+01
7.348540697148079559e+00 -7.626768988698512430e+01
7.241134608147219431e+00 -7.573322076640661749e+01
7.241137764900576812e+00 -7.573380365705368433e+01
7.304959954034391245e+00 -7.567863566217802429e+01
7.278982239873101889e+00 -7.562460092213078156e+01
7.339405589134251784e+00 -7.561444607696445530e+01
7.288367629398539549e+00 -7.562342220880171340e+01
7.337940716446198941e+00 -7.556970784260852270e+01
7.423307077859936598e+00 -7.555496630923560986e+01
7.270245852835663491e+00 -7.554132320484076502e+01
7.270244979586022893e+00 -7.554132186199021248e+01
7.257734073660452090e+00 -7.546799096478162028e+01
7.308213603002918113e+00 -7.540112817623327146e+01
7.441652977414420000e+00 -7.532467105676748531e+01
7.441652169468936151e+00 -7.532467130318190129e+01
7.479705637159434595e+00 -7.520803411292924068e+01
7.479704963976828935e+00 -7.520803428546929581e+01
7.586240098172508439e+00 -7.512816429792104600e+01
7.586237632873851666e+00 -7.512816412888010120e+01
7.691022196339051931e+00 -7.507485452873847009e+01
7.766801511494068500e+00 -7.502538400169865440e+01
7.765714025381598162e+00 -7.502505837690267754e+01
7.853601165509343396e+00 -7.499236171545669549e+01
7.851965330084927253e+00 -7.499424164615589916e+01
7.853204724932853154e+00 -7.499249371246806106e+01
7.902911064929815765e+00 -7.489434990223099931e+01
7.895625197389878558e+00 -7.490029630770537494e+01
8.004393411159774985e+00 -7.481124480452461967e+01
8.054078597250899918e+00 -7.476925233595986242e+01
8.074120307205397751e+00 -7.476983235911177417e+01
8.122952324216988984e+00 -7.470095098114943255e+01
8.234840375162566062e+00 -7.458634436307383453e+01
8.235363202940977345e+00 -7.458587094784412841e+01
8.280714870916209946e+00 -7.455183806959912829e+01
8.340991290794111279e+00 -7.451188356412934866e+01
8.336742219808302323e+00 -7.450944273198076928e+01
8.362768566348730559e+00 -7.440074021635629720e+01
8.428567085786252022e+00 -7.435092113801265157e+01
8.428568370402308219e+00 -7.435091926762069647e+01
8.480433609470214407e+00 -7.429937224431337484e+01
8.456321943049641021e+00 -7.427622489833447617e+01
8.472711961848316875e+00 -7.429128114546664108e+01
8.466258439748814979e+00 -7.424595966600756469e+01
8.467468132665871394e+00 -7.424564816039875836e+01
8.463110591868653998e+00 -7.417534106688646034e+01
8.459704199761057808e+00 -7.416993265272839153e+01
8.520069313067271111e+00 -7.411967246036527968e+01
8.520159499890018751e+00 -7.412126271937258082e+01
8.520159425021880395e+00 -7.412126355484596729e+01
8.530494643497599228e+00 -7.408507653402810433e+01
8.530494129093312949e+00 -7.408507670008177115e+01
8.606153690493712816e+00 -7.403543807719238146e+01
8.605174060538722358e+00 -7.403379637601624097e+01
8.605663735905693557e+00 -7.403343233480755714e+01
8.646451046113620365e+00 -7.396986671035342908e+01
8.655196451899021426e+00 -7.401377764828124839e+01
8.650525295647737423e+00 -7.389773975175209841e+01
8.650526058147356423e+00 -7.389773932270749413e+01
8.712247544288466372e+00 -7.381977072890605029e+01
8.712248876362458816e+00 -7.381976880294702426e+01
8.783469727227123158e+00 -7.374072640655450073e+01
8.848807491333872122e+00 -7.362078904269755242e+01
8.848806817904659283e+00 -7.362078818857163753e+01
8.882078953066647742e+00 -7.357634071040600077e+01
8.882892209483026491e+00 -7.357822083676887814e+01
8.895782896889439684e+00 -7.348998354070160133e+01
8.891783007071017764e+00 -7.348889471316840627e+01
8.964767300863062616e+00 -7.341209875222548931e+01
8.963489675456203898e+00 -7.341146776108546135e+01
8.986705692897151820e+00 -7.331946958535570502e+01
9.051382878729686610e+00 -7.324165349308424311e+01
9.051328173555138079e+00 -7.324168239374181155e+01
1.026344151601850108e+01 -7.268617310778266472e+01
9.076953989066451456e+00 -7.316632982245634764e+01
9.082427263560834518e+00 -7.316460408599114373e+01
9.131574523963990941e+00 -7.308578074667585156e+01
9.187172565559635018e+00 -7.300699684851122129e+01
9.187172307064793486e+00 -7.300699734836693722e+01
9.189422217516957758e+00 -7.300961587764321337e+01
9.234811429075246991e+00 -7.290632865128299045e+01
9.234811588851579600e+00 -7.290632862607836273e+01
9.248421564298594078e+00 -7.285800421709748775e+01
9.248421474696320033e+00 -7.285800499170230182e+01
9.248421658278285662e+00 -7.285800440552559110e+01
9.270971583508993419e+00 -7.276440965345194911e+01
9.271293184743527149e+00 -7.276501810250536550e+01
9.317661210642318892e+00 -7.268952167267087816e+01
9.318013837155259438e+00 -7.269009495772829155e+01
9.311681904236111862e+00 -7.267630928958882919e+01
9.390472211837012750e+00 -7.258293112041781114e+01
9.432326361753391453e+00 -7.250336376839560160e+01
9.439767689613324464e+00 -7.250153851471968380e+01
9.491442186457373253e+00 -7.241748446711598319e+01
9.491798129621621172e+00 -7.241828502041646232e+01
9.491798859913959774e+00 -7.241828430545781714e+01
9.514374097195714697e+00 -7.235330398477877623e+01
9.515114862854670008e+00 -7.235463939900233754e+01
9.528525853315077399e+00 -7.226968778431481155e+01
9.527453371804419646e+00 -7.227233129796334765e+01
1.055594158173555641e+01 -7.163427081435912669e+01
9.526433120576554003e+00 -7.219755219723485595e+01
1.052502175905231496e+01 -7.167738930830815036e+01
1.052591121151793274e+01 -7.167385330117410547e+01
9.591625213332960698e+00 -7.201757465604889319e+01
9.591312587503583842e+00 -7.201739943750875739e+01
9.565306107899294474e+00 -7.199263838585653730e+01
9.602907874389060794e+00 -7.189788253409935237e+01
9.603440826684963127e+00 -7.189780124916782711e+01
9.648517919636285356e+00 -7.184396386400270273e+01
9.629514834105092902e+00 -7.182190179892408821e+01
9.652846027546724272e+00 -7.172036271348240177e+01
9.652845803755750964e+00 -7.172036213759510304e+01
9.708913983714582585e+00 -7.164885855374215851e+01
9.743525272799150372e+00 -7.155415431611565680e+01
9.754826701386047461e+00 -7.154270125272479675e+01
9.773497440850034579e+00 -7.148471746528743154e+01
9.773962132642324718e+00 -7.148628432466964000e+01
9.804921609979761143e+00 -7.139081690539089209e+01
9.825245097834926611e+00 -7.131534322711196694e+01
9.824993089193641893e+00 -7.131567931078643596e+01
9.835941735146487730e+00 -7.124350918822881340e+01
9.843178522382627804e+00 -7.124578363720362972e+01
9.859382767409602621e+00 -7.115847638941203002e+01
9.859415491787219210e+00 -7.115846068100168509e+01
9.915900743985501364e+00 -7.106366713956022352e+01
9.897701040848845722e+00 -7.106725219622974521e+01
9.897582338571961458e+00 -7.096258571820608552e+01
9.954043240598950959e+00 -7.087773707901794751e+01
9.948080607001482889e+00 -7.087107029257582269e+01
9.955849959318745945e+00 -7.088032491597822116e+01
9.958988154617195221e+00 -7.078972118161730975e+01
9.962072462056511313e+00 -7.079437936114399577e+01
9.950471946410093693e+00 -7.068922858892935324e+01
9.975957112432832119e+00 -7.069239233526866428e+01
9.953074797762965886e+00 -7.059744008943349058e+01
9.959774848041080375e+00 -7.058009002040245150e+01
9.960869919351257096e+00 -7.049352917659479090e+01
9.962646243137784907e+00 -7.049747489618519580e+01
1.000018386854378249e+01 -7.040833530610296975e+01
9.997010295834414251e+00 -7.041345094081415823e+01
1.000703600226771073e+01 -7.037127065449689667e+01
1.000620594446021272e+01 -7.036868463896244918e+01
9.994255527341630696e+00 -7.036081061391735147e+01
9.994615731893695454e+00 -7.024037561305750899e+01
9.995967568980782758e+00 -7.024423542675422993e+01
9.990923420983094161e+00 -7.013465603164701179e+01
9.990923500338450225e+00 -7.013465601961124207e+01
1.001575169584902447e+01 -7.008173831948526811e+01
1.000396324244800716e+01 -7.007146599590322467e+01
1.051449080019784610e+01 -7.099702034046555355e+01
1.003945933418146552e+01 -6.996079197971273800e+01
9.995830966649359439e+00 -6.988077737230509001e+01
9.995830969590281612e+00 -6.988077735639521393e+01
1.003617392550086684e+01 -6.979206954278127739e+01
1.003617398945565853e+01 -6.979206964074350594e+01
9.996541897894648088e+00 -6.970024812125700464e+01
1.002703265861799231e+01 -6.967735463857758305e+01
1.002250208023297162e+01 -6.958567254489190645e+01
1.002430532605412772e+01 -6.958418555760057700e+01
9.990728382760407200e+00 -6.950224095988406248e+01
1.001416880384731201e+01 -6.949290786693946131e+01
9.977936680386678248e+00 -6.951206146452580015e+01
1.000398425200081931e+01 -6.938474855821775122e+01
9.947941353183377799e+00 -6.940109916406727564e+01
9.975289902490741767e+00 -6.934524025197684693e+01
9.974217584260237857e+00 -6.934606362522147549e+01
9.946945409388726844e+00 -6.928976242257434137e+01
9.939530480516262756e+00 -6.929086335538579533e+01
9.955966021871136107e+00 -6.921495186673942612e+01
9.936284107898991635e+00 -6.923348943590272597e+01
1.043320335147870281e+01 -6.869662812438069466e+01
9.923346114927863226e+00 -6.916345276540879183e+01
9.922436826499474449e+00 -6.916332272370460998e+01
9.890716151760692298e+00 -6.904672749007880839e+01
9.866497625072588207e+00 -6.894382725866253736e+01
9.874669666470655471e+00 -6.896111083546244913e+01
9.817329640597961316e+00 -6.883223575677614292e+01
1.038388800953624980e+01 -6.844261292314837419e+01
9.830154580952548571e+00 -6.880186727063582453e+01
9.827690743285270258e+00 -6.880173194282902216e+01
9.828981057495861151e+00 -6.872227732637786346e+01
9.819905055887939938e+00 -6.872990571315642683e+01
1.030793952982219785e+01 -6.836574208197394853e+01
9.810428359834567402e+00 -6.865294096284324610e+01
1.028053308754131834e+01 -6.828177190248095485e+01
9.899639910811487198e+00 -6.856220413887294285e+01
9.824495330973485707e+00 -6.848651764769456918e+01
1.025978504725555851e+01 -6.817844533399569684e+01
9.810916565857681348e+00 -6.839374743922350319e+01
9.810917339756560551e+00 -6.839374758394143328e+01
9.768286626139806472e+00 -6.828657509001554615e+01
1.029672532532497975e+01 -6.934831664200461887e+01
9.779794743055132855e+00 -6.821367664754427551e+01
9.777917649495726948e+00 -6.821546651031619035e+01
9.731507098284648549e+00 -6.809859444931703365e+01
9.732506930759214470e+00 -6.809917438701714332e+01
9.756111206392825252e+00 -6.807663032953705340e+01
1.023831488319093985e+01 -6.913542592868765269e+01
9.865615946861895580e+00 -6.787582463645463804e+01
9.862057684670428870e+00 -6.787925879472092561e+01
9.833447034442331258e+00 -6.778229911601292201e+01
9.832154511734275459e+00 -6.778269484527365307e+01
9.721515013364561142e+00 -6.782757903954905032e+01
9.721514400715356885e+00 -6.782757975797279926e+01
9.817883512871674156e+00 -6.755396146646755540e+01
9.820403096212498184e+00 -6.745367974912237230e+01
9.564815573310198715e+00 -6.757210599658799310e+01
9.760341577030793303e+00 -6.739460167192969209e+01
9.760342139106526815e+00 -6.739460147107790533e+01
9.570221135619933150e+00 -6.745280438116546406e+01
1.024053815918269272e+01 -6.836888778773629838e+01
9.732206077024413204e+00 -6.724240303872477398e+01
9.662704685321264364e+00 -6.719068356128623520e+01
9.526513721769918064e+00 -6.725112075313191440e+01
9.679863663057934886e+00 -6.708573164399713562e+01
9.614110763101356483e+00 -6.700284844384555072e+01
9.650121904157657582e+00 -6.691558589857460504e+01
9.428711790803927073e+00 -6.703620414918677284e+01
9.639475405667452534e+00 -6.684214514435306853e+01
9.639475596892715714e+00 -6.684214458542776072e+01
9.422861513379126919e+00 -6.684808444352455581e+01
9.580039798702255638e+00 -6.664432414285751349e+01
9.397143946866336250e+00 -6.677535169046905139e+01
9.536737397741919864e+00 -6.661778060543622360e+01
9.511671670977463577e+00 -6.660293232537969743e+01
9.509664685558266939e+00 -6.656346574766834578e+01
9.319716923808709197e+00 -6.654310394921283489e+01
9.479764425104574954e+00 -6.647388600223366950e+01
9.479449973950924146e+00 -6.647104919113888855e+01
9.428123853489216444e+00 -6.631910216807789027e+01
9.419607536955979299e+00 -6.634507467719967622e+01
9.433712015360082859e+00 -6.633312569441631013e+01
9.388201897271052587e+00 -6.622867922897650317e+01
9.366927660398422617e+00 -6.624465179860833075e+01
9.266411095005668841e+00 -6.620696573759407499e+01
9.207366673654401978e+00 -6.623293888344655045e+01
9.236144397735186473e+00 -6.621661973577963067e+01
9.181895216604658572e+00 -6.616017622752951866e+01
9.219384628095717460e+00 -6.614022723786361269e+01
9.272164578840193627e+00 -6.603519117486705170e+01
9.272164582247773623e+00 -6.603518914272363816e+01
9.222441882237673028e+00 -6.598301383425699385e+01
9.704189138101220635e+00 -6.689690439446721371e+01
9.216553506145508834e+00 -6.588655331671499482e+01
9.315047826992746138e+00 -6.584411036243315607e+01
9.162568176491033611e+00 -6.584518006721972938e+01
9.177908032859516396e+00 -6.583210324923824430e+01
9.632016946376079858e+00 -6.674154124721560777e+01
9.177482412478338958e+00 -6.574370813303383443e+01
9.091649156191795811e+00 -6.566026406940926563e+01
9.099631917875418807e+00 -6.565664326095323133e+01
9.055061607622960196e+00 -6.557795059645995650e+01
9.055156630493275571e+00 -6.557820422823604645e+01
9.060714432344953551e+00 -6.548654313537153371e+01
9.054391622540727269e+00 -6.548638642789026676e+01
9.053364645103425090e+00 -6.540161117030690718e+01
9.051083722163806300e+00 -6.540227452430606547e+01
9.021544681192512627e+00 -6.531388173968964850e+01
9.022114781914863713e+00 -6.531412645898160463e+01
9.027971528452500394e+00 -6.530847273550038778e+01
8.992274276193143123e+00 -6.522266669419045115e+01
8.992273726573339232e+00 -6.522266709343010405e+01
8.986817365877275421e+00 -6.518073604200117188e+01
8.907320666415079913e+00 -6.506980820122761600e+01
8.909977709947884961e+00 -6.507006929376900928e+01
9.020407015393429262e+00 -6.541687287320192468e+01
8.837032989156671903e+00 -6.505840064851815896e+01
8.839758089043142419e+00 -6.505370622052379304e+01
8.726477535308047706e+00 -6.498482030843121038e+01
8.714127566144711068e+00 -6.499317702845708311e+01
8.648469379273350910e+00 -6.503801695503031510e+01
8.842021610539653409e+00 -6.479658530721162890e+01
8.773257537093460456e+00 -6.483873117924515839e+01
9.049583437032257649e+00 -6.519664764731369644e+01
8.897153321720345787e+00 -6.493279216666481091e+01
9.059027395293409057e+00 -6.450984084597362767e+01
9.174501412134851819e+00 -6.445430651364944197e+01
9.624608080768142671e+00 -6.411767673978962989e+01
9.615510748616063808e+00 -6.412547210919061058e+01
8.971223713062647320e+00 -6.435564173322327974e+01
8.992898872810892286e+00 -6.435344064541654063e+01
8.902128115313235668e+00 -6.428641078027487765e+01
8.786897416410868189e+00 -6.420850742916236698e+01
