-4.214519559472154064e+00 -8.406453776756946183e+01
-4.237779043828725278e+00 -8.407227192052398834e+01
-4.420062768731613190e+00 -8.410964170326010958e+01
-4.495640646404122087e+00 -8.408817396733867611e+01
-4.485946988919347511e+00 -8.403792141911614522e+01
-4.338975215599873536e+00 -8.389700161654592137e+01
-4.575744617819787585e+00 -8.280686098843570164e+01
-4.333796261713995790e+00 -8.389538314203338132e+01
-4.531309902162698577e+00 -8.274462794607603655e+01
-4.531309157996552095e+00 -8.274462842488850356e+01
-4.486473306607384970e+00 -8.267977157926162590e+01
-4.284961218433728902e+00 -8.372270316348041774e+01
-4.284314712653194412e+00 -8.372385712116032153e+01
-4.329689986912503841e+00 -8.251505924938172143e+01
-3.562170170642793288e+00 -8.337473001902409919e+01
-4.157944262939553326e+00 -8.354687666667743429e+01
-4.159466950319886891e+00 -8.354869506622682707e+01
-4.067267437917171158e+00 -8.345710671666000735e+01
-3.426218294233330575e+00 -8.319007417991905129e+01
-4.041941003897066231e+00 -8.344720239491073244e+01
-4.045121937086260111e+00 -8.344046581772856541e+01
-4.015362506370323104e+00 -8.335164093063346513e+01
-3.954076824168690329e+00 -8.326119984878947378e+01
-3.954076207783632668e+00 -8.326120251931429550e+01
-3.211145893819293384e+00 -8.289411753337756750e+01
-3.229221918204817410e+00 -8.289834930425166704e+01
-4.359443143505039586e+00 -8.204264160936571670e+01
-3.258353834453628028e+00 -8.284165177211281161e+01
-3.794840392969661913e+00 -8.302280337784058872e+01
-3.790370298503676683e+00 -8.301785151707157695e+01
-3.660087501807018473e+00 -8.291155666305850502e+01
-3.670115393656939951e+00 -8.285642457231097069e+01
-3.670969271781764576e+00 -8.285330856158533663e+01
-3.600399919537869309e+00 -8.276311232961081998e+01
-3.600468597376891289e+00 -8.276311922615643368e+01
-3.513843311742658404e+00 -8.268027586054338940e+01
-3.394771289248731616e+00 -8.262054832037370034e+01
-3.453071548917587386e+00 -8.257567357067055980e+01
-3.394432068654270829e+00 -8.250994936003003488e+01
-3.361254385022440339e+00 -8.251172194295932627e+01
-3.338083094003102325e+00 -8.242346078067703274e+01
-3.337088213460279285e+00 -8.242531682322373854e+01
-3.270487791143716017e+00 -8.234207223908708784e+01
-3.270354697244034270e+00 -8.234422321484085217e+01
-3.207875709138152232e+00 -8.226620744967389953e+01
-3.163481939758974626e+00 -8.221217088325788325e+01
-3.097588304466518672e+00 -8.214943215291097545e+01
-2.977148407499799809e+00 -8.203410425962138675e+01
-2.977149010858749278e+00 -8.203410503306163548e+01
-2.966317398423674589e+00 -8.197740104799687799e+01
-2.970121979983545657e+00 -8.197889952268231184e+01
-2.925766509412007998e+00 -8.192522415436469885e+01
-2.929309726282166348e+00 -8.192561892904977583e+01
-2.875129261016465598e+00 -8.188696254791327078e+01
-2.802599810013344239e+00 -8.184066999306888590e+01
-2.796292663740919782e+00 -8.182333865495918701e+01
-2.705004237018084456e+00 -8.175706160327912642e+01
-2.612568162971112606e+00 -8.171029773039637689e+01
-2.637026812491221506e+00 -8.172222949497246702e+01
-2.627836933346499038e+00 -8.171831445798810023e+01
-2.571541953179089735e+00 -8.167765213610640274e+01
-2.572397163267281073e+00 -8.167810672789705961e+01
-2.524043214932923718e+00 -8.162191092208713883e+01
-2.440516476251163525e+00 -8.157717901080211220e+01
-2.444561500936194509e+00 -8.157904603998670723e+01
-2.443419470337746091e+00 -8.157847270173580512e+01
-2.324400689106638218e+00 -8.154911365567437542e+01
-2.303763200311216508e+00 -8.148906985198733821e+01
-2.301633259932560627e+00 -8.149053127480436842e+01
-2.266704762993378086e+00 -8.143715473681815809e+01
-2.262834162509824054e+00 -8.143759531006074326e+01
-2.111961358935927624e+00 -8.136016310045734201e+01
-2.069528305531237677e+00 -8.127733809139040488e+01
-2.069813847691636788e+00 -8.127676234198963812e+01
-1.972347695919011379e+00 -8.119356583052942256e+01
-1.972348430187335300e+00 -8.119356458346571515e+01
-1.883694363715038733e+00 -8.112977320479922128e+01
-1.848225718208491131e+00 -8.107403473906980196e+01
-1.847386341814012178e+00 -8.107465773229496619e+01
-1.739489499918754456e+00 -8.100369477524162676e+01
-1.674944281411359093e+00 -8.095165526810899337e+01
-1.673253586833912454e+00 -8.095075851239613485e+01
-1.623677729915613099e+00 -8.090037339018628870e+01
-1.623849293887937861e+00 -8.090043317838723169e+01
-1.528077790737635944e+00 -8.086084799067965889e+01
-1.531949637449694146e+00 -8.086002136167702758e+01
-1.450814261758234247e+00 -8.081042525102147067e+01
-1.450594243838940978e+00 -8.081034873551531916e+01
-1.374841068737057581e+00 -8.075821855037284536e+01
-1.303903206860805630e+00 -8.070522603904612424e+01
-1.285255645766894217e+00 -8.069967176351148908e+01
-1.210989702939989865e+00 -8.065599597525967113e+01
-1.227813475464976989e+00 -8.065433463142353787e+01
-1.193232954701373583e+00 -8.066413144264467405e+01
-1.014503871256776435e+00 -8.061462671689297110e+01
-1.017654834195018898e+00 -8.061950516038854175e+01
-9.398655479650220856e-01 -8.058227001378502052e+01
-9.512316451677567120e-01 -8.057735286996962998e+01
-9.169131413145985565e-01 -8.057084003137408956e+01
-8.440153586600691593e-01 -8.051739147087673132e+01
-9.550310377965085529e-01 -8.050346208213433385e+01
-7.662467060032898125e-01 -8.042710828880279905e+01
-7.674691541987261889e-01 -8.042579892860850066e+01
-6.998144924457760929e-01 -8.038989531832339708e+01
-7.504309185080563216e-01 -8.036100979980487580e+01
-6.475219476565153842e-01 -8.028914269570837803e+01
-5.691505794543824104e-01 -8.024652975408734790e+01
-5.691496831239011289e-01 -8.024652898017943414e+01
-5.752418964664525181e-01 -8.018849414739105441e+01
-5.746965060227691158e-01 -8.018889738586840110e+01
-4.796895055647545925e-01 -8.013047791892569194e+01
-4.831652637130466332e-01 -8.012402917840672956e+01
-4.831651181177262777e-01 -8.012402949205477398e+01
-4.381045226905824763e-01 -8.007688712382065432e+01
-3.735591501120003599e-01 -8.004158216459890696e+01
-3.172020895123135453e-01 -7.999340548548845220e+01
-3.172019305869663852e-01 -7.999340478503607699e+01
-2.534454070096918699e-01 -7.994953158143592020e+01
-1.690115492197036828e-01 -7.986799305871785748e+01
-1.672561913996932492e-01 -7.986706231933406741e+01
-1.100521456230899031e-01 -7.983497998678903684e+01
-1.038480620825510681e-01 -7.983322714013188204e+01
-1.396359380481171711e-02 -7.980195835014382055e+01
8.926916400659802575e-02 -7.977774610164564706e+01
8.815909220374436306e-02 -7.977617600222886551e+01
8.926967214233544334e-02 -7.977774622247476088e+01
1.809550546754180866e-01 -7.973327248774364762e+01
1.807116085698236285e-01 -7.973440768772340448e+01
2.441858413100451708e-01 -7.968190305570141163e+01
2.441858005715085156e-01 -7.968190366442243544e+01
3.350350533068802150e-01 -7.962708895213839355e+01
-4.393986231377334795e-01 -8.000293493105556308e+01
4.441067332847753457e-01 -7.959577044613641306e+01
4.449251375916057905e-01 -7.959395619562899071e+01
5.254660949662562919e-01 -7.956971206529878771e+01
6.031472734077207853e-01 -7.953269649565305599e+01
6.044681258867106166e-01 -7.952097655015225541e+01
6.885216378386300740e-01 -7.947688395199864431e+01
6.895905549140646240e-01 -7.947429301915934730e+01
7.741773894164430958e-01 -7.944369153535747330e+01
7.705521744370317228e-01 -7.944311737236238002e+01
8.548666640718977083e-01 -7.940141027584671463e+01
9.223873452217072888e-01 -7.933414803209421962e+01
9.200754540850862861e-01 -7.934034775690879826e+01
1.008373854231536582e+00 -7.929054507086850379e+01
1.005980419693024430e+00 -7.929425174872781668e+01
1.072367781721048852e+00 -7.922329743934893997e+01
1.074476397864232435e+00 -7.922464632668958018e+01
1.128005069005942662e+00 -7.918964953806374751e+01
1.202584140900720966e+00 -7.913944233468050982e+01
1.282115048839310267e+00 -7.913849443339398704e+01
1.281711777614093162e+00 -7.913964381881864085e+01
1.357450061529712260e+00 -7.909693336815865905e+01
1.357776528499887059e+00 -7.909675394590212250e+01
1.447104093244938161e+00 -7.906620512285341817e+01
1.447103076413591483e+00 -7.906620569725535574e+01
1.506092063224059752e+00 -7.900283063801138894e+01
1.538476696513450426e+00 -7.884122287675866403e+01
1.670367891923065562e+00 -7.889665141026877393e+01
1.669597365572522696e+00 -7.889354228794525170e+01
1.667275130959803509e+00 -7.888743240922343603e+01
1.757731881438808985e+00 -7.886726836341078695e+01
1.749199659889327352e+00 -7.883859451434207699e+01
1.835870305051990448e+00 -7.882432481055155904e+01
1.837309353312245763e+00 -7.882377315769105053e+01
1.918612438348733518e+00 -7.879073914943951706e+01
1.944844859829766959e+00 -7.863031795190762807e+01
1.996256884219732353e+00 -7.862062349183810284e+01
2.002115397278994902e+00 -7.863692953092366622e+01
2.058262482468737886e+00 -7.863022008500172433e+01
2.057159834689448186e+00 -7.863811960215578267e+01
2.157849354924620489e+00 -7.866490678348593235e+01
2.157842778905346481e+00 -7.866475321148267597e+01
2.157841024980691191e+00 -7.866475209467914453e+01
2.211641178695177956e+00 -7.855883136649052290e+01
2.297195184454756234e+00 -7.858785377360906921e+01
2.382265856096876799e+00 -7.853471684750496706e+01
2.383169975297276366e+00 -7.853787462421652776e+01
2.440653020866659695e+00 -7.851181131430620042e+01
2.441583424518611434e+00 -7.851446251126911591e+01
2.521672787376767033e+00 -7.848776943486674895e+01
2.521673273371611401e+00 -7.848776930233474047e+01
2.521673039942345262e+00 -7.848776750779836675e+01
2.611519551670074879e+00 -7.843441278937211791e+01
2.653338101722714004e+00 -7.842296266319010556e+01
2.658597260021968278e+00 -7.841774584637597911e+01
2.766504939115623785e+00 -7.837493155671427303e+01
2.766505379773675166e+00 -7.837493190957130196e+01
2.884596823380902286e+00 -7.830345682281122777e+01
2.851304782221846690e+00 -7.832811306857749400e+01
2.965082167868946961e+00 -7.827393723304741968e+01
2.964209301229982163e+00 -7.827426580302916648e+01
3.017800757552446811e+00 -7.823876538415203186e+01
3.076185331476080531e+00 -7.819175279365246922e+01
3.143786674666435133e+00 -7.816328529610176190e+01
3.143786985431896941e+00 -7.816328562267085545e+01
3.226596675926619362e+00 -7.813538304214483787e+01
3.230944998909839772e+00 -7.813289873251817141e+01
3.299235036225648621e+00 -7.811995435439415303e+01
3.296586106255785520e+00 -7.812261657875754395e+01
3.300612960678878327e+00 -7.813149827045145912e+01
3.331478291834619299e+00 -7.810282302802005461e+01
3.410243922679660145e+00 -7.809215439094849387e+01
3.687362376510833428e+00 -7.790396296262478870e+01
3.461758974402964650e+00 -7.807173385763178430e+01
2.917126987867539434e+00 -7.827871015084801343e+01
3.816543106014319342e+00 -7.780440235873794563e+01
3.810347847321908787e+00 -7.790488901098737529e+01
3.701055846769619961e+00 -7.795203575114501859e+01
3.863785672114755432e+00 -7.786919347505345002e+01
3.821823117281785809e+00 -7.789312812643976258e+01
3.906848873652897680e+00 -7.784092912263504616e+01
3.853233143217895229e+00 -7.789023536347929166e+01
3.844410257278940701e+00 -7.789717090045569137e+01
4.022491417664705082e+00 -7.775881657072817177e+01
4.016885062896479397e+00 -7.765976326598662638e+01
3.999255050421043123e+00 -7.779225323041727336e+01
4.002748850834482397e+00 -7.779177302608745492e+01
4.090082503666312874e+00 -7.775909078518792228e+01
4.166002008896071196e+00 -7.772042838498308015e+01
4.499323257771974838e+00 -7.754911571357790478e+01
4.148993913168585124e+00 -7.773940943500858225e+01
4.501448637419974474e+00 -7.754790036061490355e+01
4.557309437172101241e+00 -7.749941381391008122e+01
5.142310047181942956e+00 -7.732026760190763071e+01
4.644239597717390922e+00 -7.746307935609156914e+01
4.644239124511251759e+00 -7.746307806274661800e+01
4.708581818690232623e+00 -7.743750636478377203e+01
4.765915636705569725e+00 -7.740439842248864011e+01
4.765915559284669811e+00 -7.740439796048727317e+01
4.830934562191044002e+00 -7.733792841150913944e+01
4.853932578262913466e+00 -7.726802827596712575e+01
4.976419509999425728e+00 -7.726932465441792885e+01
4.977035233722230778e+00 -7.727806615935928392e+01
4.971019991780865510e+00 -7.719426026719376921e+01
5.022083217534447641e+00 -7.713753631811377431e+01
5.117492924607192073e+00 -7.712454384698929744e+01
5.211140244821007350e+00 -7.707560973397481519e+01
5.076767625731305245e+00 -7.710301739843581004e+01
5.229029220169438830e+00 -7.708623281021915830e+01
5.228599941696172593e+00 -7.708550931384374394e+01
5.256327230884790147e+00 -7.706595485734533213e+01
5.257022352675134513e+00 -7.706600350922708742e+01
5.283547257787395424e+00 -7.704480177865801238e+01
5.335824122703576755e+00 -7.702704835754683188e+01
5.336554349296980249e+00 -7.702829320914466393e+01
5.404828334867074702e+00 -7.700113570153673948e+01
5.351312167069910863e+00 -7.707348816617870568e+01
5.305722200046101733e+00 -7.710572801295327849e+01
5.542575213487818786e+00 -7.694075305276915344e+01
5.548322337356870193e+00 -7.693825418283499573e+01
5.601424227164543801e+00 -7.685666057202548984e+01
5.376142518173767648e+00 -7.704710678650818068e+01
5.629596786655517882e+00 -7.666388644869375923e+01
5.801718567929797565e+00 -7.674494345704636089e+01
5.802878677018421527e+00 -7.674320738562711597e+01
5.496501603556439797e+00 -7.694486651207395767e+01
5.887002458639427616e+00 -7.676454516439416409e+01
5.897773961645581764e+00 -7.676730914021761976e+01
5.684671908209861790e+00 -7.666527452217289351e+01
6.110570768141157849e+00 -7.661556345675269597e+01
5.780610110274682079e+00 -7.658295964258381616e+01
6.064532695240483662e+00 -7.659996679652016383e+01
6.064662995231352660e+00 -7.659955333441901359e+01
6.762171068928053863e+00 -7.626129689136547540e+01
5.847604823292543053e+00 -7.665916009055199254e+01
6.219660332648413004e+00 -7.644320788554529145e+01
6.247257574387478307e+00 -7.642994011847147817e+01
6.281734969305840188e+00 -7.641795457793138269e+01
6.099812509815230044e+00 -7.636844572200378423e+01
6.283795958683541905e+00 -7.627983344126784004e+01
6.309165055488912266e+00 -7.637993297717817143e+01
6.264705831861610008e+00 -7.639757240081104328e+01
6.446719499597246994e+00 -7.626614137700209994e+01
6.556744483415726243e+00 -7.620547705578647424e+01
6.761397878365356995e+00 -7.615356173915286320e+01
6.838190502899836432e+00 -7.610802906182458116e+01
6.852739007942346028e+00 -7.611537965950915918e+01
6.866467686942343107e+00 -7.603777778189910919e+01
6.844468717489398557e+00 -7.603267497516797846e+01
7.015624635252623698e+00 -7.601182282373372345e+01
6.880797808398626536e+00 -7.599252653509698519e+01
7.060114611549489716e+00 -7.593851595691378975e+01
7.178172850586793885e+00 -7.592172278284526499e+01
7.178172660496848323e+00 -7.592172272491460205e+01
7.223573674750840112e+00 -7.583745942267202622e+01
7.271950019675458954e+00 -7.577431649032298822e+01
7.269495156984969064e+00 -7.577596382766056138e+01
7.222313765826989140e+00 -7.577199972507777659e+01
7.197305195497047947e+00 -7.578008510956900068e+01
7.344700252393082884e+00 -7.568590924823686805e+01
7.405591478677470363e+00 -7.558584071928309811e+01
7.390185686418879740e+00 -7.559143751897377683e+01
7.062398659764403952e+00 -7.562248934074960971e+01
7.197163040193456318e+00 -7.560218334974616994e+01
7.215027334943400206e+00 -7.559748622956024633e+01
7.317048943172737019e+00 -7.552119306127653431e+01
7.215063585539004620e+00 -7.549140044193954679e+01
7.462080745389951808e+00 -7.541367226183285766e+01
7.484151780583093050e+00 -7.535456181782079454e+01
7.520548820143730495e+00 -7.534429103506687397e+01
7.691526850867994369e+00 -7.522950420370007407e+01
7.831164713017425782e+00 -7.509975386646468110e+01
7.002174523798961658e+00 -7.551677639984519885e+01
7.878485797234676902e+00 -7.501230945403537476e+01
7.860713323434778133e+00 -7.493859313347024909e+01
7.988187625170205308e+00 -7.476395048872782922e+01
8.102435584758140408e+00 -7.467878012982893665e+01
8.148311276424889726e+00 -7.454915023572416999e+01
8.122234175399110967e+00 -7.449807885097655458e+01
8.226667296572877319e+00 -7.454691682363431937e+01
8.055212855956220608e+00 -7.440139920589594169e+01
8.012068568442165528e+00 -7.437680142902925695e+01
8.366328273477247279e+00 -7.437155138284259692e+01
8.358306870633199992e+00 -7.428130855795450316e+01
8.421732507692432534e+00 -7.419267608399326264e+01
8.407463037591142552e+00 -7.415784186068600548e+01
8.451119656480559073e+00 -7.415621344574483942e+01
8.484487818032460993e+00 -7.411192331364344454e+01
9.087195379542077234e+00 -7.370624229862468724e+01
8.729467045520978630e+00 -7.387940233324113137e+01
8.764214627971139038e+00 -7.379784507456241727e+01
8.764214106548394057e+00 -7.379784557914425136e+01
8.849929533312108632e+00 -7.366068727593665244e+01
8.846600995295865744e+00 -7.365579596836685994e+01
8.833087247186394819e+00 -7.356496800760511690e+01
8.833088101752423427e+00 -7.356496820575441120e+01
8.845509972649509223e+00 -7.346695391102745987e+01
8.896454816657987763e+00 -7.338466931355351619e+01
8.896216950417576541e+00 -7.338401247658703141e+01
8.952852428065609658e+00 -7.328725843165972265e+01
8.951448545087181685e+00 -7.328627271671423671e+01
9.000463258299031821e+00 -7.320252679292697451e+01
9.000062244546381152e+00 -7.320475051189274041e+01
9.029964989440667722e+00 -7.310864705591053792e+01
9.052456686889026827e+00 -7.300735483676278648e+01
9.141665716965087896e+00 -7.291920990770309174e+01
9.141162872097485348e+00 -7.291868164012612397e+01
9.191402262696788839e+00 -7.282566848196198350e+01
9.192248148691543719e+00 -7.282724385652934984e+01
9.218985788510888568e+00 -7.276936526975117658e+01
9.284709094957301900e+00 -7.262618120255488918e+01
9.325742322822138775e+00 -7.252302918111126928e+01
9.327931532858164232e+00 -7.252583789712468842e+01
9.328008480814178327e+00 -7.252603418883647635e+01
9.341600023771883698e+00 -7.242582027077942541e+01
9.341756866926559155e+00 -7.242635650749851095e+01
9.365767901943232943e+00 -7.235695981854229331e+01
9.366341910394414327e+00 -7.235720959061227120e+01
9.409187197332155250e+00 -7.227522239986271302e+01
9.424309596364185637e+00 -7.217470137650879280e+01
9.436059526031304046e+00 -7.206215860856880795e+01
9.437592809289274243e+00 -7.206211141210570759e+01
9.449484012421068613e+00 -7.197556440540617473e+01
9.451853513527034067e+00 -7.198349023654964185e+01
1.022830251235535570e+01 -7.133159980537854494e+01
9.483657449935726902e+00 -7.187722900015744187e+01
9.519340954641597463e+00 -7.177197521880643194e+01
9.533331584255522628e+00 -7.161190456270485072e+01
9.591792550443507537e+00 -7.148079184367912831e+01
9.595811888697621583e+00 -7.147939211560670003e+01
9.637672407571141520e+00 -7.136757115537129437e+01
9.637790888397578470e+00 -7.136742109114105403e+01
9.660570857788664867e+00 -7.125853470136405576e+01
9.660570355718489211e+00 -7.125853483931126675e+01
9.653501520175494122e+00 -7.117566347388157055e+01
9.756785721774821951e+00 -7.108277755458117042e+01
1.029702068686350636e+01 -7.067134906120425342e+01
9.750807814559955489e+00 -7.093649906005938988e+01
9.749707570394013700e+00 -7.093755188878040485e+01
9.762041535249938562e+00 -7.085617730173098039e+01
9.785443504840566575e+00 -7.073209239152666328e+01
9.784797921919983210e+00 -7.073136400590730943e+01
9.814995615111158145e+00 -7.062147448062808053e+01
9.841527017873866967e+00 -7.054042073896648901e+01
9.829961864371393077e+00 -7.040519251037680704e+01
9.827987314124936091e+00 -7.040638574063311239e+01
9.839347037576809285e+00 -7.035119798045181483e+01
9.839347491491821529e+00 -7.035119797630260052e+01
9.860747144261615915e+00 -7.020427594325916232e+01
9.862219369786908274e+00 -7.020382186419564619e+01
9.851998265024004553e+00 -7.009608700030590001e+01
9.912973491334621912e+00 -7.004455392731787811e+01
9.851400323178882701e+00 -6.985632620860160102e+01
9.851400330573518715e+00 -6.985632585238263914e+01
9.850696618489880763e+00 -6.985580896657282324e+01
9.877892251145851787e+00 -6.976061544514956836e+01
9.901503413856451274e+00 -6.966480356055323853e+01
9.913829658084305052e+00 -6.965228988722088843e+01
9.919116843412780327e+00 -6.956935171983047894e+01
9.943657862581682494e+00 -6.945800436414177170e+01
9.946637814430937752e+00 -6.945761155287910071e+01
9.937165304596266679e+00 -6.933093481453701656e+01
9.937702329875421015e+00 -6.933029751695615062e+01
9.896930418299824339e+00 -6.922716784482953756e+01
9.896930452987756865e+00 -6.922716721270100493e+01
9.893985038957152867e+00 -6.912347719533090640e+01
9.893983704213361818e+00 -6.912347713347647016e+01
9.935944407098952880e+00 -6.894568748368502042e+01
9.954822220990884318e+00 -6.883609369562422842e+01
9.954822930118426783e+00 -6.883609326819505725e+01
9.941490024959376726e+00 -6.877630096632313439e+01
9.942797133017506894e+00 -6.877668048612427754e+01
1.033580851111948284e+01 -6.824966349271095112e+01
9.782839275846512805e+00 -6.868864136991888358e+01
9.863361633499625469e+00 -6.853329860664054252e+01
9.869667264398586326e+00 -6.853088282623912164e+01
9.851389909650917431e+00 -6.839526675684152224e+01
1.037888931766195810e+01 -6.940931217136395048e+01
9.817056866367401824e+00 -6.828689895825080214e+01
9.832590089719628779e+00 -6.828685815606151266e+01
9.835854319793089218e+00 -6.815219910955961780e+01
9.851190969540649434e+00 -6.803978171068597192e+01
9.872412116010151450e+00 -6.803472033450999845e+01
9.818635983793672750e+00 -6.794925099582118833e+01
9.819862529142648455e+00 -6.794901531175842990e+01
9.845830291614811713e+00 -6.780155887310866092e+01
9.837158304179126844e+00 -6.767298311719191872e+01
9.837159026369043602e+00 -6.767298372891923464e+01
9.812769689303866727e+00 -6.758809981782886211e+01
9.811969047635695773e+00 -6.758672138230879511e+01
9.771639793280359143e+00 -6.747491350416181888e+01
9.771491284910508668e+00 -6.734639996971019116e+01
9.782230218851237780e+00 -6.723134113989620175e+01
9.719819635346711451e+00 -6.710713174419753102e+01
9.719819877630003546e+00 -6.710713136663162004e+01
9.582188033002296379e+00 -6.713938342359372768e+01
9.582187919756714578e+00 -6.713938374519506169e+01
9.713663950721663554e+00 -6.699158662898990713e+01
9.639071338965134572e+00 -6.690100995020310393e+01
9.641104044726338529e+00 -6.690095325382597480e+01
9.515716191954313175e+00 -6.690771029156458383e+01
9.514057511831888192e+00 -6.682377668520058478e+01
9.660804317030082800e+00 -6.661144211947028282e+01
9.579877600033698926e+00 -6.652055903569193163e+01
9.578146280853168548e+00 -6.652071099789138486e+01
9.552897257510091222e+00 -6.639304908940941630e+01
9.428160081917745572e+00 -6.654440431788094656e+01
9.504883040959843044e+00 -6.627682276625647262e+01
9.445205166079182035e+00 -6.640913498866684961e+01
9.386327117382165852e+00 -6.625891688786892075e+01
9.438442715463114752e+00 -6.616305682868089377e+01
9.272848757954673005e+00 -6.614217780467495800e+01
9.472775766056965807e+00 -6.601938937286871578e+01
9.437699533488078885e+00 -6.616688997532214955e+01
9.459008442442993214e+00 -6.618511302267272356e+01
9.442058800083948711e+00 -6.571082532628862793e+01
9.442059113448111773e+00 -6.571082701892970590e+01
9.454494656638969374e+00 -6.556131472518002568e+01
9.421752005102321803e+00 -6.546804147968218501e+01
9.311152761355993235e+00 -6.525465315851469938e+01
9.300672136209346519e+00 -6.534194234639271315e+01
9.290540256053127166e+00 -6.528504784675925521e+01
9.238119701468205491e+00 -6.519742199126977766e+01
9.233840298341831954e+00 -6.519810386911936462e+01
9.211970031338877263e+00 -6.505392329697968989e+01
9.410002412289893314e+00 -6.492266832276480670e+01
9.521581815995952880e+00 -6.539341283048430853e+01
9.656912928707221511e+00 -6.512928496897990271e+01
9.321555937259994096e+00 -6.453667828307159482e+01
8.323782994773756272e+00 -6.494384641383086887e+01
9.198949617983444682e+00 -6.441243043576992022e+01
9.198948202099854754e+00 -6.441243357808491510e+01
8.771882267295026736e+00 -6.454547604811240546e+01
8.925046414488784663e+00 -6.427555338724482681e+01
9.747899227827451440e+00 -6.538456802446627592e+01
8.808991885997370375e+00 -6.421245815502614107e+01
8.256911182583072772e+00 -6.421234039636257762e+01
8.077285916253892140e+00 -6.408171255492379714e+01
8.710276211931656576e+00 -6.385329238751300807e+01
8.710281555634006523e+00 -6.385329488974503676e+01
8.710277217313036502e+00 -6.385329565284929743e+01
8.546599679223785273e+00 -6.372285386353950543e+01
8.644567466359802665e+00 -6.353534323821023833e+01
8.699231064681580250e+00 -6.344427340190748055e+01
8.719329689735511479e+00 -6.345395680545631478e+01
8.678165508894297275e+00 -6.333941744632777215e+01
8.678161576567566371e+00 -6.333941428843415622e+01
8.557353805889022169e+00 -6.317857826589335701e+01
8.700168892424050782e+00 -6.313639149050617050e+01
8.700171363703729455e+00 -6.313639042785147382e+01
8.765027318564847292e+00 -6.315037507736488465e+01
8.442317147204974503e+00 -6.282262554849189939e+01
8.538419468591841976e+00 -6.286813465821754932e+01
8.661912184244329183e+00 -6.291223987652769978e+01
8.594636465160629513e+00 -6.283920997562321986e+01
8.181224003577623805e+00 -6.250465672561514197e+01
8.640145583772941507e+00 -6.290363089450416823e+01
8.582515498065152570e+00 -6.286080247784037311e+01
7.938562187597717923e+00 -6.172305335616409394e+01
7.702151018760348578e+00 -6.204275050089015764e+01
7.697738489092333936e+00 -6.204139072439373592e+01
7.757028362794884835e+00 -6.194408634835679806e+01
7.789718941062804269e+00 -6.172754675496327792e+01
7.757591433535609760e+00 -6.168525594799440626e+01
7.737398890575431842e+00 -6.157359309731639030e+01
7.587645668075798433e+00 -6.109058621030381886e+01
7.540553769957329955e+00 -6.102169719593005226e+01
7.539846839272980716e+00 -6.101772095401439344e+01
7.487126700107475941e+00 -6.086403072717905616e+01
7.473660011384863466e+00 -6.087566333572627286e+01
7.404231717491973619e+00 -6.070925224453366553e+01
7.356178352874830573e+00 -6.060353259735578746e+01
7.290201321074983198e+00 -6.040954858757727663e+01
7.229358778757331905e+00 -6.023940962610100769e+01
7.243010314382182457e+00 -6.024560192117631630e+01
7.142660726413641470e+00 -6.015095848144118662e+01
7.052475123514936328e+00 -5.995910643208581092e+01
6.976179261788121089e+00 -5.988553642685631928e+01
7.748624669274192911e+00 -5.964301749541293418e+01
6.798993994580762923e+00 -5.960401695063642080e+01
6.735939551302315920e+00 -5.941754194749208295e+01
6.681280068163663266e+00 -5.926423000978249434e+01
6.681277345167440096e+00 -5.926423404845331078e+01
6.605909931816601244e+00 -5.908514922502170919e+01
6.566382139977120502e+00 -5.896834089063086992e+01
6.464515552450425417e+00 -5.883121884576351590e+01
6.386457473812938268e+00 -5.872495490053952949e+01
6.394707574947267048e+00 -5.872929996197991187e+01
6.417451084981310672e+00 -5.853306177317913495e+01
6.391856124189603250e+00 -5.849118401995897187e+01
6.235635631651043731e+00 -5.834759913385419594e+01
6.126134566749263044e+00 -5.820505200940456092e+01
6.163172322657635149e+00 -5.808317481432585083e+01
6.163172126840845699e+00 -5.808318239824470197e+01
6.079301173517784207e+00 -5.824291719600009287e+01
5.909224041596787380e+00 -5.778143617884698813e+01
6.185912005559327298e+00 -5.818387513578793602e+01
5.946784635195553115e+00 -5.756215844898871836e+01
5.879843681672582534e+00 -5.770912124606255134e+01
5.756617411371058424e+00 -5.738675611163513679e+01
6.656717379327371731e+00 -5.714443390516853327e+01
5.924732497897977623e+00 -5.751153016510204452e+01
5.846895017517695692e+00 -5.727637427537725046e+01
5.781066117525148762e+00 -5.722256183875631308e+01
5.591276506139143621e+00 -5.696588829775367913e+01
5.856192178283143868e+00 -5.730654459472476248e+01
5.731142120628447856e+00 -5.705237418139837757e+01
5.614119158426422729e+00 -5.678188881064049554e+01
5.297369445705846225e+00 -5.640013337973046958e+01
5.423306915151729690e+00 -5.655147662909155315e+01
5.259384250678337480e+00 -5.595499793143763867e+01
5.259097532355294646e+00 -5.595495045101227305e+01
5.177848538219457453e+00 -5.590698956124523988e+01
5.186564529752282660e+00 -5.583216080701731698e+01
5.165505294361535604e+00 -5.576062889513592324e+01
5.074205965945743912e+00 -5.562955505035359494e+01
5.011075438650188119e+00 -5.547858563517785058e+01
4.857388254492400748e+00 -5.502417643771396882e+01
4.872561652498844431e+00 -5.518394080082756403e+01
4.808994617500624180e+00 -5.495311868692552792e+01
4.815657336153222445e+00 -5.514866803396383688e+01
4.780513647017559542e+00 -5.496415165098746769e+01
4.780518256822447576e+00 -5.496415824850970466e+01
4.672835174693328320e+00 -5.479149025568761289e+01
4.643132550615371557e+00 -5.471996934179868788e+01
4.487652544054625103e+00 -5.444667723247871294e+01
4.487210378429578483e+00 -5.444819466448124956e+01
4.487212429211019149e+00 -5.444819636804531626e+01
4.398227105960607730e+00 -5.421541159196083015e+01
4.338317507594902089e+00 -5.400385447075186818e+01
4.338315709947849541e+00 -5.400385085481205039e+01
4.243950806069542558e+00 -5.383448024289312173e+01
4.096298539386219240e+00 -5.375697419814505196e+01
4.091489223586759927e+00 -5.374137257196490935e+01
4.150870593217694804e+00 -5.361671621975568769e+01
4.150866846605376637e+00 -5.361671136224670420e+01
4.049643982869373104e+00 -5.339435808238945924e+01
3.839486507010193783e+00 -5.303237019243789518e+01
3.841002185927695933e+00 -5.302788522233807100e+01
3.876594668692926682e+00 -5.302226082859036893e+01
4.005662894646945027e+00 -5.326274307050335466e+01
3.865438495607719904e+00 -5.304940984908427737e+01
3.684650627298270642e+00 -5.264113353451537591e+01
3.691583908636203670e+00 -5.269502958793859193e+01
3.618500109162016809e+00 -5.255135634536962641e+01
3.457561003891691520e+00 -5.240451828947841761e+01
3.302019370669877496e+00 -5.191605000559975025e+01
3.302018265856608625e+00 -5.191604950549851338e+01
3.166466994888326170e+00 -5.161044845856973495e+01
3.228025682978849176e+00 -5.181629487998769434e+01
3.163697712783339888e+00 -5.144404408443148213e+01
3.164426872854452899e+00 -5.144973523775909996e+01
3.412084548554808361e+00 -5.199004630113754644e+01
3.302475648964155130e+00 -5.177996949643618052e+01
3.301813232357109218e+00 -5.177294352862804061e+01
3.051861236140553046e+00 -5.131195386771283751e+01
2.988889109931026855e+00 -5.117190105025031244e+01
2.976076515665200262e+00 -5.116053952926364445e+01
4.475429760556131065e+00 -5.051922022303510573e+01
2.812233746735819384e+00 -5.080968417687504513e+01
2.653935006933876295e+00 -5.056530378716155383e+01
2.653934366798584854e+00 -5.056530269878305006e+01
2.524904477334959374e+00 -5.029969536656732032e+01
2.693401163243175134e+00 -5.066187176595497732e+01
2.382262922938723992e+00 -5.004207804835062490e+01
2.300226149228721262e+00 -4.988939011772450982e+01
2.264893723469469045e+00 -4.975941799304375479e+01
2.277548341808426358e+00 -4.989545142713183878e+01
2.198549388322498466e+00 -4.967027297271386033e+01
2.094104908831314837e+00 -4.943531077859895362e+01
2.075709980954608902e+00 -4.941005419789826902e+01
2.004602640249270706e+00 -4.930628885553061735e+01
1.968697353949020012e+00 -4.930406249044058598e+01
1.975066897981440528e+00 -4.925863071409909821e+01
1.791568495705512909e+00 -4.895153855220208783e+01
1.753425478713157126e+00 -4.874383587106640903e+01
1.904771468771130349e+00 -4.902484172270902718e+01
1.632884655266884311e+00 -4.845855337934614226e+01
1.755472274099817875e+00 -4.874430701966532098e+01
1.445794968980526285e+00 -4.819095292267970621e+01
1.283152530999621010e+00 -4.780005037640156473e+01
1.249611957100652759e+00 -4.773557743185725855e+01
1.231205260605289009e+00 -4.757741073290060996e+01
1.136786330981135462e+00 -4.742462657281293303e+01
1.049383301154067194e+00 -4.721313790694783563e+01
1.010741663486235176e+00 -4.713226266264678088e+01
6.412363837254666521e-01 -4.632732958485718200e+01
5.917349948785953773e-01 -4.614812339264775432e+01
