3.416883128548393045e-01 -7.987919434117408457e+01
3.416885732022593714e-01 -7.987919341435767251e+01
3.417894336059101867e-01 -7.987957307592878919e+01
4.522228997086203406e-01 -7.984877986596242749e+01
4.541356913715374755e-01 -7.985011160290019916e+01
5.787834254723440708e-01 -7.980156629240882182e+01
6.745636095459811576e-01 -7.971996084516641190e+01
6.743830464643251199e-01 -7.972611872628883134e+01
8.037259065987573114e-01 -7.971228648705248077e+01
9.045418795587051308e-01 -7.957842620348824880e+01
9.044471084189784627e-01 -7.957881133676519880e+01
9.050248332106903826e-01 -7.957631347591106419e+01
1.031524587815300320e+00 -7.954971688164698662e+01
1.147782978762523554e+00 -7.951987074413052881e+01
1.147401666531553843e+00 -7.951936436363182281e+01
1.257355730250293568e+00 -7.946422614178307242e+01
1.257355475835740144e+00 -7.946422755618243627e+01
1.341828442553957279e+00 -7.938149589050227917e+01
1.341827855533627822e+00 -7.938149516550032558e+01
1.419045440833551330e+00 -7.931032282681634626e+01
1.419046434089710651e+00 -7.931032278491994703e+01
1.419102919670571783e+00 -7.931050685422813729e+01
1.514660584291828815e+00 -7.923982165468005689e+01
1.514415309583048153e+00 -7.924029969223074943e+01
1.613505661348257902e+00 -7.918504756158421287e+01
1.613408098804694379e+00 -7.918506028249611006e+01
1.713833335616506970e+00 -7.911643560122274721e+01
1.786004472172696200e+00 -7.904386224941100636e+01
1.786004726955549016e+00 -7.904386293268177610e+01
1.882251624315540495e+00 -7.900668979609852727e+01
1.883078968703961964e+00 -7.900590287163085179e+01
1.987506828055544128e+00 -7.893484012774206349e+01
1.988205618532671748e+00 -7.893511094841844056e+01
2.140336044513788671e+00 -7.895339945703125295e+01
2.136571737848779406e+00 -7.894121968956302737e+01
2.148947963689047835e+00 -7.882289498062681332e+01
2.282354433831880858e+00 -7.881552666721961486e+01
2.277572057121203919e+00 -7.880138956580233867e+01
2.378763370015714695e+00 -7.875901582428747361e+01
2.412849259733352625e+00 -7.880941300927729287e+01
2.384994269022603586e+00 -7.876463350257782281e+01
2.496274300964014703e+00 -7.869403656866343511e+01
2.496215585510693558e+00 -7.869418943088693652e+01
2.605149993975401923e+00 -7.866427583555304182e+01
2.601838653162877879e+00 -7.866408259803661451e+01
2.669228400846249460e+00 -7.864255401010888136e+01
2.671311746552141653e+00 -7.864202792945206966e+01
2.741065031064228830e+00 -7.861538785516667360e+01
2.741065328617722230e+00 -7.861538818346120649e+01
2.848790455199071925e+00 -7.856814031753474126e+01
2.849086961537904639e+00 -7.856803828043241822e+01
2.849087095656391622e+00 -7.856803856495781702e+01
3.020368901184909749e+00 -7.853376678243546394e+01
3.082638175371692491e+00 -7.847767394923090478e+01
3.085207035119592156e+00 -7.847667609464984650e+01
3.166035524234422915e+00 -7.843701051613476238e+01
3.171538917398218249e+00 -7.843308025057329758e+01
3.253451060305340370e+00 -7.839732910862787207e+01
3.332038282434393484e+00 -7.834752778054703981e+01
3.301336994369354016e+00 -7.837904397060734141e+01
3.329432151185755639e+00 -7.834882724904794316e+01
3.415420274701117531e+00 -7.831857625713071513e+01
3.417581739773739802e+00 -7.831762305821524706e+01
3.529045184581848904e+00 -7.823743285163114081e+01
3.517515712237309078e+00 -7.824454902442397497e+01
3.651702033898346134e+00 -7.819688265896277812e+01
3.651991121016904263e+00 -7.820689155439227136e+01
3.768690647968779839e+00 -7.816921588562550482e+01
3.769618927376131357e+00 -7.816868896790568044e+01
3.817882620508962432e+00 -7.815476511832973472e+01
3.913793070954577402e+00 -7.808925199861276667e+01
3.981852640098828999e+00 -7.809307911997119334e+01
3.962234146150023228e+00 -7.810034213900996747e+01
4.309665337905315141e+00 -7.772214869024128348e+01
4.324276553389337252e+00 -7.771656500658964717e+01
3.253952443472121203e+00 -7.840603866495082741e+01
4.562763801217495363e+00 -7.769478780770036508e+01
4.528266087076122659e+00 -7.761600072828150587e+01
3.493248231573795604e+00 -7.825053381122818053e+01
4.590534999186752785e+00 -7.771338740939624756e+01
4.688038936932637846e+00 -7.759895551212112252e+01
4.696243462656537915e+00 -7.754398993184727829e+01
4.803750882453100779e+00 -7.751518197052708103e+01
4.804844661602512446e+00 -7.751471043172129782e+01
4.702485154265483303e+00 -7.764907998670777545e+01
4.847595291992092825e+00 -7.744169691302955982e+01
4.851438473226467707e+00 -7.743881787196650635e+01
4.841710236188478511e+00 -7.756799623936460364e+01
5.373583164211622076e+00 -7.779304296381398842e+01
5.304673202129340126e+00 -7.787254527568778428e+01
5.295478331305635500e+00 -7.788849480423100147e+01
5.253741528882298617e+00 -7.715527695621861426e+01
5.250889384877686972e+00 -7.715133052697041194e+01
5.340534279167890475e+00 -7.711644628961033732e+01
5.337859126403777132e+00 -7.711693792009481285e+01
5.423365140287346620e+00 -7.710161591493982769e+01
5.511389926303152720e+00 -7.720641526182581060e+01
5.511390872922157236e+00 -7.720641562788476620e+01
5.511390013983879399e+00 -7.720641541967385990e+01
5.620445018010837401e+00 -7.716117901108613353e+01
5.661502367678559189e+00 -7.709760115105285649e+01
5.685111738112623492e+00 -7.708019522764959675e+01
6.066503386537249298e+00 -7.738520417937114360e+01
5.556007279885966987e+00 -7.704241642534475432e+01
6.181332066053752960e+00 -7.671215355825928839e+01
5.516885591116524878e+00 -7.690819715558366454e+01
5.516885427291673416e+00 -7.690819780947707329e+01
6.236566794778650724e+00 -7.670368937092842998e+01
6.203607912817186154e+00 -7.676108393786115869e+01
6.461453970911320788e+00 -7.663325609553386641e+01
6.311316046944829061e+00 -7.667748811579923540e+01
6.514782038046739387e+00 -7.649381190805524966e+01
6.108072296224081654e+00 -7.662400923496440441e+01
6.591834190066419019e+00 -7.636464706869054453e+01
6.112743325033085817e+00 -7.662165465663822772e+01
6.307204916391381033e+00 -7.656436757265045401e+01
6.439431670773326566e+00 -7.643476564634482884e+01
6.439921649161958861e+00 -7.643552234018576996e+01
7.112905993444162966e+00 -7.674536347393252811e+01
6.691529134598701134e+00 -7.636763844501668075e+01
6.757113170542363711e+00 -7.625930662804591975e+01
6.814572537821623754e+00 -7.627946754996247591e+01
6.820299466721930770e+00 -7.625658264804503972e+01
6.985922817813055907e+00 -7.617968926568195798e+01
6.985922642705398644e+00 -7.617968912197909503e+01
7.069096623747841868e+00 -7.611416541597935748e+01
7.065520445950395079e+00 -7.611189982943088239e+01
7.135906525878983331e+00 -7.603713040201179751e+01
7.161326188852816799e+00 -7.603007689311365880e+01
7.101323329668204565e+00 -7.599158050019475752e+01
7.341133999293802503e+00 -7.587495514456499279e+01
7.314878657754414704e+00 -7.588594435720548859e+01
7.426958134688080193e+00 -7.580875331665170336e+01
7.425211764951114901e+00 -7.580748862580951197e+01
7.438546311110100895e+00 -7.580438462611854789e+01
7.518620619065769617e+00 -7.565647512036960620e+01
7.483113360569735306e+00 -7.568571205530365376e+01
7.569553198575282416e+00 -7.553869415779969643e+01
7.569552996227241870e+00 -7.553869457929879161e+01
7.596300776622916473e+00 -7.543924209511222045e+01
7.688482884121201621e+00 -7.541742009017366399e+01
7.685533655398485209e+00 -7.515456845869658764e+01
7.793521955119082634e+00 -7.530034386686520520e+01
7.883076917797414040e+00 -7.524353694951872740e+01
7.876005341850513375e+00 -7.521870065532468175e+01
7.876005620249511452e+00 -7.521870024905045682e+01
7.935769549354548147e+00 -7.508386960076035166e+01
8.033148785959554061e+00 -7.502066735822339183e+01
8.033916856397475215e+00 -7.502548666490919516e+01
8.058303528620600176e+00 -7.484345275302024447e+01
8.058405836358218721e+00 -7.484279808163158521e+01
8.185072380746628795e+00 -7.467435449705973838e+01
8.329900654533886950e+00 -7.499775581062618812e+01
8.299635695123853907e+00 -7.477951318338206477e+01
8.184747661271025265e+00 -7.447146759846000919e+01
8.375869185330024891e+00 -7.470440857303921689e+01
8.418052289108661768e+00 -7.478104378975034194e+01
8.409202047472779995e+00 -7.460206099412732783e+01
8.409202371611621984e+00 -7.460206040193573074e+01
8.334286137575174891e+00 -7.430737175871642819e+01
8.130840943407360299e+00 -7.437708159369191208e+01
8.423535577467845314e+00 -7.437530342582989817e+01
8.319458245404835139e+00 -7.445362013362101550e+01
8.327112382086916398e+00 -7.445184687640048082e+01
8.523010918882286902e+00 -7.434854713759115441e+01
8.548675541129766131e+00 -7.417075295741257435e+01
8.160035662509447008e+00 -7.419752662227629969e+01
8.640599197705455481e+00 -7.416758105539413748e+01
9.619361946496329807e+00 -7.349800281331432927e+01
8.677573724049951309e+00 -7.410499411183363350e+01
8.675202300405148392e+00 -7.410553559300700499e+01
8.753305299058961708e+00 -7.400362868238359226e+01
8.815868969408320766e+00 -7.393377562693295602e+01
8.815912860028939591e+00 -7.393380613542372259e+01
8.804602730689019552e+00 -7.391674911775187695e+01
8.921730596544382053e+00 -7.373286012783324850e+01
8.931923793458937055e+00 -7.375558093971713447e+01
8.961358663590690554e+00 -7.366392344639365319e+01
8.850725448172244825e+00 -7.354749770520740526e+01
9.051697932784778189e+00 -7.347430617204025793e+01
9.051697902738425228e+00 -7.347430602878451111e+01
9.108216043768095460e+00 -7.338792540300546818e+01
9.086758279600612553e+00 -7.339528226732313954e+01
9.148202144897044974e+00 -7.334681816202078153e+01
9.147067070627215912e+00 -7.334511901848836146e+01
9.200875574965294845e+00 -7.324960426734517682e+01
9.207952430299634727e+00 -7.315730119724983638e+01
9.282050123273934972e+00 -7.308325480942242791e+01
9.314273534710681091e+00 -7.299229707667245748e+01
9.314273563387926558e+00 -7.299229673084522574e+01
9.351628374865184057e+00 -7.286271496062066433e+01
9.351628505631214949e+00 -7.286271511836658021e+01
9.392962030707534993e+00 -7.277505296216018849e+01
9.392881084773138767e+00 -7.277478479476069140e+01
9.439866193801812244e+00 -7.270203613188402869e+01
9.439291782321507895e+00 -7.270141730070844233e+01
9.459722592302384214e+00 -7.257955713944819820e+01
9.459556640277769546e+00 -7.257929687487934700e+01
9.491327494321229352e+00 -7.248575607687988054e+01
9.490970317765064834e+00 -7.248540188835586662e+01
9.491293502144712235e+00 -7.248567752497550032e+01
9.499219969491479176e+00 -7.240356848346905849e+01
9.499085234827372659e+00 -7.240380010340227557e+01
9.550821853329983568e+00 -7.229166682397948307e+01
9.551557262710600682e+00 -7.229232363080369339e+01
9.539527484811877400e+00 -7.220202494538008864e+01
9.574330465320887384e+00 -7.213846823914948914e+01
9.572686463359609377e+00 -7.213564020198187166e+01
9.603123948341357519e+00 -7.201183426503897067e+01
1.012165486176554552e+01 -7.312105810552795049e+01
9.601545961067655455e+00 -7.201195264937226170e+01
9.613007478530787964e+00 -7.194532418171010590e+01
9.668844664529210320e+00 -7.180432105381689212e+01
9.670841452635141167e+00 -7.180690146628387538e+01
9.739555870931797088e+00 -7.165605423854462686e+01
9.735070763762555757e+00 -7.154843704868733312e+01
9.738938286080733420e+00 -7.154565888758403958e+01
9.725414790783970531e+00 -7.144833264598314315e+01
9.722664351145557049e+00 -7.145483341046472958e+01
9.756598050914838893e+00 -7.127570526835887676e+01
9.754060413858102407e+00 -7.127799372521965893e+01
9.761793396717180826e+00 -7.117753194031040209e+01
9.761942367331702286e+00 -7.117746392713529247e+01
9.695799710994075227e+00 -7.112435368456328888e+01
1.006660406468698454e+01 -7.175853621843337748e+01
9.722797039387565121e+00 -7.085835291104601197e+01
9.725102200368553440e+00 -7.085623281451766786e+01
9.729351167461873118e+00 -7.085903392649612442e+01
9.704671534276968714e+00 -7.076079332839439928e+01
9.711970787551882367e+00 -7.063154810888849511e+01
9.711650628832730447e+00 -7.063148824323019426e+01
9.668326786379779492e+00 -7.055404797607137368e+01
9.679603701026996632e+00 -7.055209951487883302e+01
9.655418177304765592e+00 -7.047601170673303272e+01
9.782696852053181402e+00 -7.043064105747814097e+01
9.767768992646152171e+00 -7.033768502455578187e+01
9.700786630177033132e+00 -7.035852960708616877e+01
9.757632316299416075e+00 -7.033844451346054427e+01
9.734211632422361760e+00 -7.025538741174695190e+01
9.734211899098371035e+00 -7.025538828378412859e+01
9.693504652614482353e+00 -7.011270281583254871e+01
9.767874925973277556e+00 -6.999780545420610167e+01
9.766852485742319345e+00 -6.999831885515258989e+01
9.738010215656865753e+00 -6.984111062410117654e+01
9.681078421170097315e+00 -6.982923920687522923e+01
9.585192001839144993e+00 -6.986896114119204526e+01
9.705899028348202506e+00 -6.980676718941776926e+01
9.766795261538762318e+00 -6.964075713797775791e+01
9.498365730027121145e+00 -6.973916912696179793e+01
1.012130305123961449e+01 -7.064139807836085083e+01
9.736332229058572096e+00 -6.945937367061998202e+01
9.734789853792866765e+00 -6.946388245000974848e+01
9.749686751635060489e+00 -6.935868644624852664e+01
9.751257445079698272e+00 -6.936022335915977521e+01
9.727416553839649538e+00 -6.932096170348056319e+01
9.728300081021181711e+00 -6.932158941447089262e+01
9.722460712880002021e+00 -6.932130382883599395e+01
9.669246815746678436e+00 -6.923741747248890022e+01
9.670345440989732921e+00 -6.921756991071778486e+01
1.027963472533912181e+01 -6.869642648341023516e+01
1.027266232564864268e+01 -6.868926328222758571e+01
9.603613630041756721e+00 -6.896159454766578278e+01
9.633334488698121589e+00 -6.895298334049040534e+01
9.608157124713176955e+00 -6.886809042278153470e+01
1.003861899491755061e+01 -6.988608053719354984e+01
9.572013693923194566e+00 -6.877258603169025264e+01
9.607142864134399218e+00 -6.876609551613826454e+01
9.545341608536581646e+00 -6.867918071323774143e+01
9.583984364159144675e+00 -6.857153621519017861e+01
9.554554147941457742e+00 -6.857703711050103834e+01
9.593327950462535725e+00 -6.846841082153075320e+01
9.546742046565263706e+00 -6.848651755878165659e+01
9.499333354139743335e+00 -6.839892085761212570e+01
9.463178330220772594e+00 -6.829789627704120392e+01
9.375454519577417045e+00 -6.839454906390828626e+01
9.459795306831452422e+00 -6.829924556577897476e+01
9.485467769810863814e+00 -6.819236054801721991e+01
9.429091628840986061e+00 -6.809064133592130474e+01
9.425893697720891140e+00 -6.798705173808160396e+01
9.423351193902217204e+00 -6.797942246308792846e+01
9.395410983768348601e+00 -6.787422302828954912e+01
9.388352653388112756e+00 -6.787534080080799015e+01
9.318986099102410492e+00 -6.774294701757061432e+01
9.799383889434910344e+00 -6.746564832921457366e+01
9.328689070221059865e+00 -6.774219662772871686e+01
9.263622265057428251e+00 -6.771961431489775407e+01
9.279694307804067677e+00 -6.762281201690372257e+01
9.149207621070015506e+00 -6.755235174312649349e+01
9.734283430713071894e+00 -6.855958428273517313e+01
9.154802801757849551e+00 -6.743021631423037832e+01
9.040526436019732159e+00 -6.735605852565913665e+01
9.093303350900185933e+00 -6.724390508092476182e+01
9.644233163271255904e+00 -6.836031783427090147e+01
9.085977205079881713e+00 -6.724414272324183628e+01
9.022491341324652581e+00 -6.714973898423295395e+01
9.019509036119604417e+00 -6.714970454633964891e+01
8.986404524912655845e+00 -6.702234332424634999e+01
8.987829893851564833e+00 -6.702261419554810118e+01
8.940152900377979606e+00 -6.693038804784194440e+01
8.901082991435851355e+00 -6.683357177919796754e+01
8.868034058807230835e+00 -6.673253719606773871e+01
8.867204942154488734e+00 -6.673127569739314424e+01
8.850818694030843758e+00 -6.665952146309683712e+01
8.850817361307138142e+00 -6.665952122761503063e+01
8.829614436841991321e+00 -6.674173340904688700e+01
8.588750847990723969e+00 -6.654825290768748403e+01
8.829822462893710977e+00 -6.654941593664455013e+01
8.829820318191581308e+00 -6.654941518033541570e+01
8.531006420128548484e+00 -6.640345376642092390e+01
8.443475151688813796e+00 -6.623732217444371884e+01
8.443663611289059290e+00 -6.623772342276852498e+01
8.443664655579677714e+00 -6.623772568690013429e+01
8.387634268901322798e+00 -6.613890200631772132e+01
8.429194611549759131e+00 -6.595833576207003546e+01
8.433635057460129758e+00 -6.595931227781038331e+01
8.284893175212594940e+00 -6.593228670718607987e+01
9.510843325231526535e+00 -6.536256898124302950e+01
8.578354320116595488e+00 -6.589564086964216472e+01
8.424058385199082011e+00 -6.556088883557707447e+01
8.401073120347298584e+00 -6.553114481716758633e+01
8.359547100743400350e+00 -6.545565083971507647e+01
8.460981780537798258e+00 -6.562797130006421753e+01
8.449888267664089625e+00 -6.559915188220907112e+01
8.202325919076425720e+00 -6.512397899388612643e+01
8.210205627501474979e+00 -6.514270516666002209e+01
8.201062592116224792e+00 -6.512541998047490210e+01
8.159063501259772977e+00 -6.497775067032058871e+01
8.111697769794094626e+00 -6.485834452424303720e+01
8.030104359725983798e+00 -6.466933232780046126e+01
